     0.909     0.7515     0.8422     0.5996          0          0          0     0.7762     0.6878      1.464        256        256          8
    0.9252     0.8659     0.9271     0.6992          0          0          0      1.041     0.7057      1.747        384        384          8
    0.9452     0.8937      0.952     0.7358          0          0          0      1.388     0.7094      2.097        512        512          8
     0.936     0.9209     0.9604     0.7486          0          0          0      1.963     0.7604      2.723        640        640          8
     0.928     0.9172     0.9566     0.7433          0          0          0      2.872     0.8059      3.678        768        768          8
    0.9107     0.9199     0.9529      0.734          0          0          0       3.62     0.8295      4.449        896        896          8
    0.9095     0.8969     0.9467     0.7186          0          0          0      4.882     0.8532      5.735       1024       1024          8
    0.8873     0.8732     0.9237     0.6925          0          0          0      5.825      0.876      6.701       1152       1152          8
    0.8623     0.8512     0.9004     0.6645          0          0          0      7.498      0.996      8.494       1280       1280          8
     0.836     0.8185     0.8753     0.6343          0          0          0      10.06      1.157      11.22       1408       1408          8
    0.8135     0.7748     0.8339     0.5949          0          0          0       12.5      1.723      14.22       1536       1536          8
